0 3.74
1 1.10
2 1.25
3 1.96
4 0.86
5 1.09
6 0.89
7 1.01
8 1.00
9 1.04
10 0.98
11 0.79
12 0.86
13 0.97
14 1.04
15 1.04
16 1.04
17 1.07
18 1.08
19 1.05
20 1.03
21 1.04
22 0.83
23 1.02
24 1.00
25 0.98
26 1.02
27 0.98
28 0.75
29 1.24
30 1.07
31 0.95
32 67.65
33 0.87
34 0.96
35 1.22
36 1.19
37 1.14
38 1.02
39 1.03
40 0.99
41 1.04
42 0.97
43 1.02
44 0.94
45 0.94
46 1.05
47 1.04
48 1.09
49 1.15
50 1.78
51 0.80
52 1.04
53 0.97
54 0.97
55 0.98
56 1.01
57 1.01
58 1.20
59 1.03
60 1.03
61 1.03
62 0.94
63 1.03
64 1.04
65 1.14
66 0.96
67 0.95
68 1.06
69 0.97
70 1.02
71 0.86
72 1.01
73 0.99
74 0.98
75 1.01
76 1.04
77 1.02
78 1.05
79 1.03
80 1.07
81 1.23
82 1.03
83 1.15
84 1.63
85 0.94
86 66.68
87 0.98
88 1.05
89 1.00
90 1.02
91 0.97
92 1.02
93 0.97
94 1.04
95 1.03
96 0.93
97 1.02
98 0.97
99 1.03
100 1.14
101 0.94
102 1.06
103 1.02
104 0.99
105 1.01
106 0.98
107 0.95
108 1.02
109 0.99
110 1.16
111 0.98
112 0.97
113 1.05
114 0.97
115 1.22
116 1.06
117 1.36
118 1.04
119 1.05
120 1.02
121 0.78
122 1.00
123 0.99
124 1.04
125 0.97
126 1.01
127 1.02
128 0.97
129 1.04
130 0.94
131 1.40
132 1.05
133 0.93
134 1.33
135 1.13
136 1.10
137 1.02
138 1.00
139 1.01
140 1.00
141 1.01
142 1.04
143 0.99
144 0.99
145 0.98
146 1.02
147 0.98
148 0.94
149 1.04
150 0.97
151 1.03
152 0.98
153 1.04
154 0.99
155 1.00
156 1.00
157 1.00
158 1.01
159 1.00
160 0.99
161 1.19
162 0.97
163 0.97
164 0.97
165 0.95
166 0.97
167 0.94
168 1.04
169 0.99
170 1.39
171 0.99
172 0.99
173 1.00
174 1.00
175 1.00
176 1.01
177 0.99
178 0.97
179 1.02
180 1.05
181 0.89
182 1.38
183 0.96
184 1.02
185 1.07
186 1.24
187 1.05
188 1.02
189 0.98
190 0.97
191 0.99
192 1.00
193 1.00
194 0.98
195 0.58
196 1.06
197 1.09
198 1.05
199 0.88
200 0.96
201 1.04
202 0.95
203 0.98
204 0.99
205 0.99
206 1.02
207 0.92
208 1.03
209 1.00
210 0.99
211 1.03
212 0.94
213 1.09
214 1.05
215 1.06
216 0.95
217 0.94
218 1.12
219 1.02
220 1.06
221 1.02
222 0.97
223 1.02
224 0.99
225 1.00
226 0.98
227 1.03
228 0.98
229 0.94
230 1.10
231 1.10
232 0.29
233 0.98
234 0.97
235 0.90
236 0.94
237 0.83
238 0.97
239 1.07
240 1.01
241 1.00
242 0.90
243 1.02
244 0.95
245 1.23
246 0.83
247 1.08
248 0.97
249 0.73
250 0.93
251 1.03
252 1.04
253 1.04
254 1.02
255 0.98
256 1.08
257 1.01
258 0.99
259 1.04
260 1.05
261 1.04
262 1.04
263 0.96
264 0.90
265 1.05
266 0.95
267 1.21
268 0.97
269 0.65
270 1.02
271 1.02
272 0.97
273 1.00
274 1.01
275 0.99
276 0.98
277 0.96
278 0.90
279 0.95
280 1.13
281 1.05
282 1.18
283 0.97
284 0.92
285 0.97
286 1.02
287 0.72
288 0.12
289 1.02
290 1.01
291 1.02
292 0.97
293 1.05
294 0.66
295 1.08
296 1.05
297 0.95
298 1.04
299 1.04
300 1.04
301 1.06
302 0.93
303 0.98
304 0.93
305 0.99
306 1.00
307 1.01
308 0.96
309 1.03
310 0.95
311 1.05
312 1.05
313 1.05
314 1.14
315 0.94
316 0.85
317 1.53
318 1.04
319 1.05
320 0.97
321 0.99
322 1.00
323 1.02
324 1.04
325 1.55
326 0.94
327 0.94
328 1.09
329 1.21
330 1.06
331 1.08
332 0.96
333 1.10
334 1.06
335 1.05
336 0.97
337 0.97
338 1.00
339 1.02
340 1.06
341 1.04
342 1.87
343 1.03
344 0.96
345 1.04
346 0.77
347 0.91
348 1.51
349 1.04
350 1.13
351 0.97
352 0.90
353 3.26
354 1.02
355 0.98
356 1.03
357 1.03
358 1.13
359 0.98
360 1.04
361 0.97
362 0.85
363 3.63
364 1.06
365 0.75
366 1.09
367 0.89
368 1.02
369 1.03
370 1.01
371 1.01
372 0.98
373 0.95
374 1.04
375 1.03
376 0.97
377 0.98
378 4.18
379 0.91
380 1.07
381 0.75
382 1.04
383 1.28
384 1.03
385 1.02
386 1.01
387 1.00
388 0.97
389 1.07
390 1.02
391 1.16
392 1.04
393 0.98
394 1.02
395 0.98
396 1.13
397 0.88
398 0.96
399 0.96
400 0.91
401 1.02
402 0.99
403 1.00
404 0.99
405 1.14
406 1.04
407 1.03
408 0.95
409 1.02
410 1.02
411 1.28
412 1.03
413 0.92
414 0.94
415 0.95
416 0.97
417 0.99
418 0.99
419 1.00
420 1.00
421 0.99
422 1.06
423 1.02
424 0.96
425 0.58
426 0.99
427 1.02
428 0.97
429 1.08
430 0.93
431 1.12
432 0.96
433 1.05
434 2.31
435 0.99
436 0.98
437 1.01
438 0.99
439 1.05
440 1.03
441 0.99
442 0.99
443 1.02
444 1.04
445 1.11
446 1.08
447 1.04
448 1.03
449 1.02
450 0.98
451 1.00
452 1.00
453 1.00
454 1.00
455 1.01
456 0.99
457 1.01
458 0.98
459 0.99
460 1.04
461 1.14
462 1.20
463 1.08
464 0.96
465 0.97
466 0.92
467 0.98
468 1.01
469 1.00
470 1.05
471 1.00
472 1.00
473 1.00
474 0.99
475 0.98
476 0.97
477 0.98
478 0.97
479 5.75
480 0.97
481 0.96
482 0.98
483 0.95
484 0.99
485 1.02
486 0.98
487 1.00
488 1.00
489 1.00
490 1.01
491 0.97
492 0.98
493 1.18
494 0.85
495 1.10
496 0.83
497 0.92
498 0.97
499 0.57
500 0.98
501 0.97
502 1.19
503 1.01
504 0.98
505 1.00
506 1.00
507 1.01
508 1.03
509 1.45
510 1.04
511 1.17
512 0.93
513 1.08
514 1.10
515 1.04
516 0.98
517 0.97
518 1.03
519 1.01
520 1.10
521 0.99
522 1.00
523 0.99
524 1.01
525 1.09
526 0.80
527 0.96
528 1.06
529 0.90
530 0.98
531 0.95
532 1.08
533 0.97
534 0.98
535 0.98
536 1.08
537 1.02
538 1.01
539 1.00
540 1.01
541 0.95
542 0.91
543 0.87
544 0.96
545 1.05
546 1.07
547 1.04
548 0.35
549 0.95
550 1.03
551 0.98
552 0.89
553 1.29
554 1.02
555 1.00
556 1.02
557 1.12
558 0.92
559 0.96
560 0.88
561 1.07
562 1.03
563 1.03
564 0.55
565 1.03
566 1.47
567 1.02
568 1.03
569 1.01
570 1.01
571 1.00
572 1.01
573 1.08
574 0.98
575 1.09
576 1.06
577 0.95
578 23.43
579 1.04
580 0.97
581 1.09
582 0.85
583 0.97
584 1.05
585 0.97
586 0.99
587 1.00
588 1.01
589 0.98
590 0.96
591 0.97
592 0.92
593 0.74
594 1.14
595 1.03
596 0.92
597 0.76
598 0.91
599 1.03
600 0.97
601 0.95
602 1.03
603 1.00
604 0.98
605 2.17
606 1.05
607 1.06
608 0.68
609 1.20
610 5.73
611 1.18
612 1.04
613 0.96
614 0.96
615 0.92
616 1.17
617 1.07
618 0.94
619 1.01
620 1.01
621 0.98
622 0.94
623 0.96
624 0.97
625 0.96
626 0.94
627 0.93
628 0.91
629 0.95
630 0.96
631 0.95
632 0.85
633 2.50
634 1.03
635 1.01
636 1.00
637 1.01
638 0.92
639 0.96
640 0.96
641 0.97
642 0.97
643 1.29
644 1.24
645 0.95
646 1.12
647 1.13
648 1.04
649 0.97
650 0.43
651 1.05
652 1.00
653 1.01
654 0.98
655 1.02
656 6.33
657 1.04
658 3.27
659 0.97
660 1.49
661 1.07
662 0.95
663 0.93
664 0.88
665 0.90
666 1.05
667 0.97
668 1.00
669 0.98
670 1.08
671 1.19
672 0.92
673 1.03
674 0.96
675 0.93
676 0.95
677 0.83
678 0.95
679 0.85
680 0.87
681 0.94
682 0.98
683 1.02
684 1.00
685 0.97
686 0.97
687 0.95
688 0.98
689 1.03
690 0.97
691 1.03
692 0.84
693 1.24
694 0.13
695 0.88
696 0.95
697 0.97
698 14.46
699 1.02
700 0.99
701 1.01
702 1.01
703 1.02
704 1.03
705 1.02
706 1.04
707 1.02
708 1.03
709 0.97
710 1.04
711 2.13
712 1.07
713 0.80
714 0.97
715 0.98
716 0.97
717 0.96
718 1.03
719 0.98
720 0.98
721 0.98
722 1.02
723 0.98
724 1.11
725 0.98
726 0.95
727 1.05
728 1.08
729 0.91
730 0.54
731 0.95
732 0.98
733 1.00
734 1.93
735 0.98
736 1.02
737 0.87
738 1.02
739 1.02
740 1.02
741 0.98
742 1.02
743 1.05
744 1.26
745 0.97
746 1.03
747 1.04
748 1.01
749 2.72
750 1.01
751 0.95
752 0.99
753 0.89
754 1.02
755 0.99
756 1.05
757 1.02
758 1.05
759 1.09
760 1.06
761 0.80
762 0.86
763 0.96
764 1.01
765 1.00
766 1.00
767 1.01
768 1.00
769 0.99
770 0.99
771 1.01
772 1.02
773 1.02
774 0.98
775 1.07
776 18.75
777 0.63
778 1.05
779 1.03
780 0.99
781 0.96
782 1.00
783 1.00
784 1.00
785 1.00
786 1.00
787 1.00
788 1.05
789 1.01
790 0.92
791 1.05
792 0.89
793 0.96
794 1.03
795 1.02
796 0.95
797 0.98
798 0.99
799 0.90
800 1.00
801 1.01
802 0.99
803 1.00
804 1.00
805 0.98
806 0.99
807 1.10
808 0.97
809 0.94
810 0.92
811 1.11
812 0.97
813 1.02
814 0.99
815 0.99
816 0.99
817 0.97
818 1.01
819 1.04
820 0.75
821 1.01
822 1.13
823 1.03
824 1.06
825 0.96
826 0.96
827 1.03
828 1.03
829 0.98
830 1.07
831 0.99
832 1.02
833 1.04
834 1.01
835 0.82
836 1.00
837 1.01
838 1.03
839 0.96
840 1.31
841 1.06
842 1.06
843 1.04
844 0.82
845 1.02
846 1.04
847 0.93
848 0.95
849 1.77
850 1.01
851 1.02
852 1.00
853 0.99
854 0.99
855 0.96
856 1.05
857 0.32
858 1.07
859 0.93
860 1.03
861 1.03
862 0.96
863 0.95
864 1.10
865 1.02
866 0.98
867 0.98
868 1.01
869 0.82
870 0.99
871 1.03
872 0.81
873 1.12
874 1.14
875 12.45
876 0.88
877 0.93
878 1.03
879 1.05
880 1.05
881 0.96
882 1.12
883 1.02
884 1.01
885 1.00
886 0.99
887 0.97
888 1.04
889 0.96
890 2.16
891 0.40
892 0.84
893 1.40
894 1.14
895 0.55
896 1.04
897 1.10
898 0.91
899 0.92
900 1.01
901 1.00
902 1.01
903 1.02
904 0.97
905 0.97
906 1.05
907 1.16
908 1.08
909 0.96
910 1.04
911 0.97
912 1.03
913 0.97
914 1.03
915 1.14
916 0.96
917 0.99
918 0.99
919 1.04
920 0.94
921 0.71
922 0.25
923 0.96
924 0.81
925 0.95
926 1.09
927 0.97
928 1.06
929 0.95
930 1.03
931 0.98
932 0.97
933 1.00
934 1.14
935 0.98
936 1.06
937 1.04
938 1.11
939 0.95
940 1.06
941 1.08
942 0.96
943 1.10
944 0.88
945 0.93
946 1.07
947 0.94
948 1.03
949 1.01
950 1.01
951 0.99
952 1.03
953 1.06
954 1.05
955 1.13
956 0.22
957 0.76
958 0.96
959 1.05
960 0.94
961 1.17
962 0.97
963 0.81
964 0.96
965 0.98
966 1.08
967 0.98
968 1.02
969 0.97
970 0.95
971 1.05
972 0.97
973 0.69
974 0.97
975 0.94
976 7.78
977 0.93
978 0.93
979 1.16
980 1.02
981 1.01
982 1.00
983 0.94
984 0.98
985 0.19
986 0.97
987 0.97
988 1.05
989 0.96
990 1.03
991 1.11
992 0.93
993 0.33
994 1.08
995 0.97
996 32.84
997 1.01
998 1.00
999 0.98
